1 0.166667 0.700000 0.166667 0.020000
1 0.333333 0.700000 0.166667 0.020000
1 0.500000 0.700000 0.166667 0.020000
1 0.666667 0.700000 0.166667 0.020000
1 0.833333 0.700000 0.166667 0.020000
1 0.166667 0.300000 0.166667 0.020000
1 0.333333 0.300000 0.166667 0.020000
1 0.500000 0.300000 0.166667 0.020000
1 0.666667 0.300000 0.166667 0.020000
1 0.833333 0.300000 0.166667 0.020000
1 0.166667 0.500000 0.343188 0.020000
1 0.333333 0.500000 0.343188 0.020000
1 0.500000 0.500000 0.343188 0.020000
1 0.666667 0.500000 0.343188 0.020000
1 0.833333 0.500000 0.343188 0.020000
0 0.083333 0.700000 0.012500 0.016667
0 0.250000 0.700000 0.012500 0.016667
0 0.416667 0.700000 0.012500 0.016667
0 0.583333 0.700000 0.012500 0.016667
0 0.750000 0.700000 0.012500 0.016667
0 0.916667 0.700000 0.012500 0.016667
0 0.083333 0.300000 0.012500 0.016667
0 0.250000 0.300000 0.012500 0.016667
0 0.416667 0.300000 0.012500 0.016667
0 0.583333 0.300000 0.012500 0.016667
0 0.750000 0.300000 0.012500 0.016667
0 0.916667 0.300000 0.012500 0.016667
2 0.083333 0.715625 0.023438 0.031250
3 0.916667 0.715625 0.023438 0.031250
