1 0.142857 0.700000 0.142857 0.020000
1 0.285714 0.700000 0.142857 0.020000
1 0.428571 0.700000 0.142857 0.020000
1 0.571429 0.700000 0.142857 0.020000
1 0.714286 0.700000 0.142857 0.020000
1 0.857143 0.700000 0.142857 0.020000
1 0.142857 0.300000 0.142857 0.020000
1 0.285714 0.300000 0.142857 0.020000
1 0.428571 0.300000 0.142857 0.020000
1 0.571429 0.300000 0.142857 0.020000
1 0.714286 0.300000 0.142857 0.020000
1 0.857143 0.300000 0.142857 0.020000
1 0.071429 0.500000 0.300000 0.020000
1 0.214286 0.500000 0.300000 0.020000
1 0.357143 0.500000 0.300000 0.020000
1 0.500000 0.500000 0.300000 0.020000
1 0.642857 0.500000 0.300000 0.020000
1 0.785714 0.500000 0.300000 0.020000
1 0.928571 0.500000 0.300000 0.020000
1 0.142857 0.500000 0.332277 0.020000
1 0.285714 0.500000 0.332277 0.020000
1 0.428571 0.500000 0.332277 0.020000
1 0.571429 0.500000 0.332277 0.020000
1 0.714286 0.500000 0.332277 0.020000
1 0.857143 0.500000 0.332277 0.020000
0 0.071429 0.700000 0.025000 0.033333
0 0.214286 0.700000 0.025000 0.033333
0 0.357143 0.700000 0.025000 0.033333
0 0.500000 0.700000 0.025000 0.033333
0 0.642857 0.700000 0.025000 0.033333
0 0.785714 0.700000 0.025000 0.033333
0 0.928571 0.700000 0.025000 0.033333
0 0.071429 0.300000 0.025000 0.033333
0 0.214286 0.300000 0.025000 0.033333
0 0.357143 0.300000 0.025000 0.033333
0 0.500000 0.300000 0.025000 0.033333
0 0.642857 0.300000 0.025000 0.033333
0 0.785714 0.300000 0.025000 0.033333
0 0.928571 0.300000 0.025000 0.033333
2 0.071429 0.715625 0.023438 0.031250
3 0.928571 0.715625 0.023438 0.031250
