1 0.250000 0.700000 0.250000 0.020000
1 0.500000 0.700000 0.250000 0.020000
1 0.750000 0.700000 0.250000 0.020000
1 0.250000 0.300000 0.250000 0.020000
1 0.500000 0.300000 0.250000 0.020000
1 0.750000 0.300000 0.250000 0.020000
1 0.187500 0.600000 0.195256 0.020000
1 0.312500 0.600000 0.195256 0.020000
1 0.187500 0.400000 0.195256 0.020000
1 0.312500 0.400000 0.195256 0.020000
1 0.437500 0.600000 0.195256 0.020000
1 0.562500 0.600000 0.195256 0.020000
1 0.437500 0.400000 0.195256 0.020000
1 0.562500 0.400000 0.195256 0.020000
1 0.687500 0.600000 0.195256 0.020000
1 0.812500 0.600000 0.195256 0.020000
1 0.687500 0.400000 0.195256 0.020000
1 0.812500 0.400000 0.195256 0.020000
0 0.125000 0.700000 0.015625 0.020833
0 0.375000 0.700000 0.015625 0.020833
0 0.625000 0.700000 0.015625 0.020833
0 0.875000 0.700000 0.015625 0.020833
0 0.125000 0.300000 0.015625 0.020833
0 0.375000 0.300000 0.015625 0.020833
0 0.625000 0.300000 0.015625 0.020833
0 0.875000 0.300000 0.015625 0.020833
0 0.250000 0.500000 0.015625 0.020833
0 0.500000 0.500000 0.015625 0.020833
0 0.750000 0.500000 0.015625 0.020833
2 0.125000 0.715625 0.023438 0.031250
3 0.875000 0.715625 0.023438 0.031250
