1 0.166667 0.700000 0.166667 0.020000
1 0.333333 0.700000 0.166667 0.020000
1 0.500000 0.700000 0.166667 0.020000
1 0.666667 0.700000 0.166667 0.020000
1 0.833333 0.700000 0.166667 0.020000
1 0.166667 0.300000 0.166667 0.020000
1 0.333333 0.300000 0.166667 0.020000
1 0.500000 0.300000 0.166667 0.020000
1 0.666667 0.300000 0.166667 0.020000
1 0.833333 0.300000 0.166667 0.020000
1 0.125000 0.600000 0.171594 0.020000
1 0.208333 0.600000 0.171594 0.020000
1 0.125000 0.400000 0.171594 0.020000
1 0.208333 0.400000 0.171594 0.020000
1 0.291667 0.600000 0.171594 0.020000
1 0.375000 0.600000 0.171594 0.020000
1 0.291667 0.400000 0.171594 0.020000
1 0.375000 0.400000 0.171594 0.020000
1 0.458333 0.600000 0.171594 0.020000
1 0.541667 0.600000 0.171594 0.020000
1 0.458333 0.400000 0.171594 0.020000
1 0.541667 0.400000 0.171594 0.020000
1 0.625000 0.600000 0.171594 0.020000
1 0.708333 0.600000 0.171594 0.020000
1 0.625000 0.400000 0.171594 0.020000
1 0.708333 0.400000 0.171594 0.020000
1 0.791667 0.600000 0.171594 0.020000
1 0.875000 0.600000 0.171594 0.020000
1 0.791667 0.400000 0.171594 0.020000
1 0.875000 0.400000 0.171594 0.020000
0 0.083333 0.700000 0.025000 0.033333
0 0.250000 0.700000 0.025000 0.033333
0 0.416667 0.700000 0.025000 0.033333
0 0.583333 0.700000 0.025000 0.033333
0 0.750000 0.700000 0.025000 0.033333
0 0.916667 0.700000 0.025000 0.033333
0 0.083333 0.300000 0.025000 0.033333
0 0.250000 0.300000 0.025000 0.033333
0 0.416667 0.300000 0.025000 0.033333
0 0.583333 0.300000 0.025000 0.033333
0 0.750000 0.300000 0.025000 0.033333
0 0.916667 0.300000 0.025000 0.033333
0 0.166667 0.500000 0.025000 0.033333
0 0.333333 0.500000 0.025000 0.033333
0 0.500000 0.500000 0.025000 0.033333
0 0.666667 0.500000 0.025000 0.033333
0 0.833333 0.500000 0.025000 0.033333
2 0.083333 0.715625 0.023438 0.031250
3 0.916667 0.715625 0.023438 0.031250
