1 0.200000 0.700000 0.200000 0.020000
1 0.400000 0.700000 0.200000 0.020000
1 0.600000 0.700000 0.200000 0.020000
1 0.800000 0.700000 0.200000 0.020000
1 0.200000 0.300000 0.200000 0.020000
1 0.400000 0.300000 0.200000 0.020000
1 0.600000 0.300000 0.200000 0.020000
1 0.800000 0.300000 0.200000 0.020000
1 0.100000 0.500000 0.300000 0.020000
1 0.300000 0.500000 0.300000 0.020000
1 0.500000 0.500000 0.300000 0.020000
1 0.700000 0.500000 0.300000 0.020000
1 0.900000 0.500000 0.300000 0.020000
1 0.200000 0.500000 0.360555 0.020000
1 0.400000 0.500000 0.360555 0.020000
1 0.600000 0.500000 0.360555 0.020000
1 0.800000 0.500000 0.360555 0.020000
0 0.100000 0.700000 0.018750 0.025000
0 0.300000 0.700000 0.018750 0.025000
0 0.500000 0.700000 0.018750 0.025000
0 0.700000 0.700000 0.018750 0.025000
0 0.900000 0.700000 0.018750 0.025000
0 0.100000 0.300000 0.018750 0.025000
0 0.300000 0.300000 0.018750 0.025000
0 0.500000 0.300000 0.018750 0.025000
0 0.700000 0.300000 0.018750 0.025000
0 0.900000 0.300000 0.018750 0.025000
2 0.100000 0.715625 0.023438 0.031250
3 0.900000 0.715625 0.023438 0.031250
