1 0.142857 0.700000 0.142857 0.020000
1 0.285714 0.700000 0.142857 0.020000
1 0.428571 0.700000 0.142857 0.020000
1 0.571429 0.700000 0.142857 0.020000
1 0.714286 0.700000 0.142857 0.020000
1 0.857143 0.700000 0.142857 0.020000
1 0.142857 0.300000 0.142857 0.020000
1 0.285714 0.300000 0.142857 0.020000
1 0.428571 0.300000 0.142857 0.020000
1 0.571429 0.300000 0.142857 0.020000
1 0.714286 0.300000 0.142857 0.020000
1 0.857143 0.300000 0.142857 0.020000
1 0.107143 0.600000 0.166139 0.020000
1 0.178571 0.600000 0.166139 0.020000
1 0.107143 0.400000 0.166139 0.020000
1 0.178571 0.400000 0.166139 0.020000
1 0.250000 0.600000 0.166139 0.020000
1 0.321429 0.600000 0.166139 0.020000
1 0.250000 0.400000 0.166139 0.020000
1 0.321429 0.400000 0.166139 0.020000
1 0.392857 0.600000 0.166139 0.020000
1 0.464286 0.600000 0.166139 0.020000
1 0.392857 0.400000 0.166139 0.020000
1 0.464286 0.400000 0.166139 0.020000
1 0.535714 0.600000 0.166139 0.020000
1 0.607143 0.600000 0.166139 0.020000
1 0.535714 0.400000 0.166139 0.020000
1 0.607143 0.400000 0.166139 0.020000
1 0.678571 0.600000 0.166139 0.020000
1 0.750000 0.600000 0.166139 0.020000
1 0.678571 0.400000 0.166139 0.020000
1 0.750000 0.400000 0.166139 0.020000
1 0.821429 0.600000 0.166139 0.020000
1 0.892857 0.600000 0.166139 0.020000
1 0.821429 0.400000 0.166139 0.020000
1 0.892857 0.400000 0.166139 0.020000
0 0.071429 0.700000 0.021875 0.029167
0 0.214286 0.700000 0.021875 0.029167
0 0.357143 0.700000 0.021875 0.029167
0 0.500000 0.700000 0.021875 0.029167
0 0.642857 0.700000 0.021875 0.029167
0 0.785714 0.700000 0.021875 0.029167
0 0.928571 0.700000 0.021875 0.029167
0 0.071429 0.300000 0.021875 0.029167
0 0.214286 0.300000 0.021875 0.029167
0 0.357143 0.300000 0.021875 0.029167
0 0.500000 0.300000 0.021875 0.029167
0 0.642857 0.300000 0.021875 0.029167
0 0.785714 0.300000 0.021875 0.029167
0 0.928571 0.300000 0.021875 0.029167
0 0.142857 0.500000 0.021875 0.029167
0 0.285714 0.500000 0.021875 0.029167
0 0.428571 0.500000 0.021875 0.029167
0 0.571429 0.500000 0.021875 0.029167
0 0.714286 0.500000 0.021875 0.029167
0 0.857143 0.500000 0.021875 0.029167
2 0.071429 0.715625 0.023438 0.031250
3 0.928571 0.715625 0.023438 0.031250
