1 0.250000 0.700000 0.250000 0.020000
1 0.500000 0.700000 0.250000 0.020000
1 0.750000 0.700000 0.250000 0.020000
1 0.250000 0.300000 0.250000 0.020000
1 0.500000 0.300000 0.250000 0.020000
1 0.750000 0.300000 0.250000 0.020000
1 0.250000 0.500000 0.390512 0.020000
1 0.500000 0.500000 0.390512 0.020000
1 0.750000 0.500000 0.390512 0.020000
0 0.125000 0.700000 0.025000 0.033333
0 0.375000 0.700000 0.025000 0.033333
0 0.625000 0.700000 0.025000 0.033333
0 0.875000 0.700000 0.025000 0.033333
0 0.125000 0.300000 0.025000 0.033333
0 0.375000 0.300000 0.025000 0.033333
0 0.625000 0.300000 0.025000 0.033333
0 0.875000 0.300000 0.025000 0.033333
2 0.125000 0.715625 0.023438 0.031250
3 0.875000 0.715625 0.023438 0.031250
