1 0.200000 0.700000 0.200000 0.020000
1 0.400000 0.700000 0.200000 0.020000
1 0.600000 0.700000 0.200000 0.020000
1 0.800000 0.700000 0.200000 0.020000
1 0.200000 0.300000 0.200000 0.020000
1 0.400000 0.300000 0.200000 0.020000
1 0.600000 0.300000 0.200000 0.020000
1 0.800000 0.300000 0.200000 0.020000
1 0.100000 0.500000 0.300000 0.020000
1 0.300000 0.500000 0.300000 0.020000
1 0.500000 0.500000 0.300000 0.020000
1 0.700000 0.500000 0.300000 0.020000
1 0.900000 0.500000 0.300000 0.020000
1 0.200000 0.500000 0.360555 0.020000
1 0.400000 0.500000 0.360555 0.020000
1 0.600000 0.500000 0.360555 0.020000
1 0.800000 0.500000 0.360555 0.020000
0 0.100000 0.700000 0.021875 0.029167
0 0.300000 0.700000 0.021875 0.029167
0 0.500000 0.700000 0.021875 0.029167
0 0.700000 0.700000 0.021875 0.029167
0 0.900000 0.700000 0.021875 0.029167
0 0.100000 0.300000 0.021875 0.029167
0 0.300000 0.300000 0.021875 0.029167
0 0.500000 0.300000 0.021875 0.029167
0 0.700000 0.300000 0.021875 0.029167
0 0.900000 0.300000 0.021875 0.029167
2 0.100000 0.715625 0.023438 0.031250
3 0.900000 0.715625 0.023438 0.031250
